VARIABLES = "y/h", "u", "v", "P", "k+", "om", "y+", "U+", "uprime+", "vprime+", "wprime+", "r12+", "muT", "xbary", "ybary"
ZONE t="turbulent profile"
9.70411804e-01	6.94408229e+01	1.06925101e-01	9.72500132e+04	7.37915662e-06	4.75230864e+02	1.73374984e+05	2.77854442e+01	0.00000000e+00	0.00000000e+00	0.00000000e+00	-0.00000000e+00	1.09542349e-07	0.00000000e+00	0.00000000e+00
9.12986334e-01	6.94462545e+01	1.07008510e-01	9.72500476e+04	7.37939045e-06	4.75244904e+02	1.63115278e+05	2.77876176e+01	0.00000000e+00	0.00000000e+00	0.00000000e+00	-0.00000000e+00	1.09542349e-07	0.00000000e+00	0.00000000e+00
8.58959096e-01	6.94513880e+01	1.07151482e-01	9.72500788e+04	7.37961801e-06	4.75258392e+02	1.53462704e+05	2.77896717e+01	0.00000000e+00	0.00000000e+00	0.00000000e+00	-0.00000000e+00	1.09542349e-07	0.00000000e+00	0.00000000e+00
8.08128996e-01	6.94563307e+01	1.07346191e-01	9.72501070e+04	7.37984047e-06	4.75271571e+02	1.44381335e+05	2.77916494e+01	0.00000000e+00	0.00000000e+00	0.00000000e+00	-0.00000000e+00	1.09542349e-07	0.00000000e+00	0.00000000e+00
7.60306837e-01	6.94611028e+01	1.07581016e-01	9.72501316e+04	7.38005987e-06	4.75284569e+02	1.35837368e+05	2.77935589e+01	0.00000000e+00	0.00000000e+00	0.00000000e+00	-0.00000000e+00	1.09542349e-07	0.00000000e+00	0.00000000e+00
7.15314621e-01	6.94657294e+01	1.07846033e-01	9.72501528e+04	7.38027754e-06	4.75297465e+02	1.27799003e+05	2.77954101e+01	0.00000000e+00	0.00000000e+00	0.00000000e+00	-0.00000000e+00	1.09542349e-07	0.00000000e+00	0.00000000e+00
6.72984883e-01	6.94702253e+01	1.08132540e-01	9.72501705e+04	7.38049415e-06	4.75310297e+02	1.20236319e+05	2.77972091e+01	0.00000000e+00	0.00000000e+00	0.00000000e+00	-0.00000000e+00	1.09542349e-07	0.00000000e+00	0.00000000e+00
6.33160065e-01	6.94746005e+01	1.08433191e-01	9.72501850e+04	7.38070997e-06	4.75323083e+02	1.13121167e+05	2.77989597e+01	0.00000000e+00	0.00000000e+00	0.00000000e+00	-0.00000000e+00	1.09542349e-07	0.00000000e+00	0.00000000e+00
5.95691936e-01	6.94788603e+01	1.08741866e-01	9.72501964e+04	7.38092491e-06	4.75335817e+02	1.06427065e+05	2.78006642e+01	0.00000000e+00	0.00000000e+00	0.00000000e+00	-0.00000000e+00	1.09542349e-07	0.00000000e+00	0.00000000e+00
5.60441037e-01	6.94830066e+01	1.09053544e-01	9.72502050e+04	7.38113861e-06	4.75348477e+02	1.00129095e+05	2.78023232e+01	0.00000000e+00	0.00000000e+00	0.00000000e+00	-0.00000000e+00	1.09542349e-07	0.00000000e+00	0.00000000e+00
5.27276158e-01	6.94870383e+01	1.09364172e-01	9.72502112e+04	7.38135047e-06	4.75361029e+02	9.42038165e+04	2.78039365e+01	0.00000000e+00	0.00000000e+00	0.00000000e+00	-0.00000000e+00	1.09542349e-07	0.00000000e+00	0.00000000e+00
4.96073857e-01	6.94909527e+01	1.09670534e-01	9.72502150e+04	7.38155977e-06	4.75373428e+02	8.86291744e+04	2.78055027e+01	0.00000000e+00	0.00000000e+00	0.00000000e+00	-0.00000000e+00	1.09542349e-07	0.00000000e+00	0.00000000e+00
4.66717996e-01	6.94947452e+01	1.09970124e-01	9.72502169e+04	7.38176563e-06	4.75385624e+02	8.33844197e+04	2.78070202e+01	0.00000000e+00	0.00000000e+00	0.00000000e+00	-0.00000000e+00	1.09542349e-07	0.00000000e+00	0.00000000e+00
4.39099308e-01	6.94984105e+01	1.10261044e-01	9.72502171e+04	7.38196711e-06	4.75397561e+02	7.84500304e+04	2.78084868e+01	0.00000000e+00	0.00000000e+00	0.00000000e+00	-0.00000000e+00	1.09542349e-07	0.00000000e+00	0.00000000e+00
4.13114995e-01	6.95019429e+01	1.10541899e-01	9.72502158e+04	7.38216327e-06	4.75409181e+02	7.38076406e+04	2.78099002e+01	0.00000000e+00	0.00000000e+00	0.00000000e+00	-0.00000000e+00	1.09542349e-07	0.00000000e+00	0.00000000e+00
3.88668340e-01	6.95053364e+01	1.10811711e-01	9.72502132e+04	7.38235312e-06	4.75420429e+02	6.94399707e+04	2.78112581e+01	0.00000000e+00	0.00000000e+00	0.00000000e+00	-0.00000000e+00	1.09542349e-07	0.00000000e+00	0.00000000e+00
3.65668350e-01	6.95085855e+01	1.11069845e-01	9.72502095e+04	7.38253577e-06	4.75431250e+02	6.53307638e+04	2.78125581e+01	0.00000000e+00	0.00000000e+00	0.00000000e+00	-0.00000000e+00	1.09542349e-07	0.00000000e+00	0.00000000e+00
3.44029416e-01	6.95116852e+01	1.11315943e-01	9.72502049e+04	7.38271036e-06	4.75441593e+02	6.14647248e+04	2.78137985e+01	0.00000000e+00	0.00000000e+00	0.00000000e+00	-0.00000000e+00	1.09542349e-07	0.00000000e+00	0.00000000e+00
3.23670996e-01	6.95146315e+01	1.11549868e-01	9.72501995e+04	7.38287614e-06	4.75451415e+02	5.78274641e+04	2.78149774e+01	0.00000000e+00	0.00000000e+00	0.00000000e+00	-0.00000000e+00	1.09542349e-07	0.00000000e+00	0.00000000e+00
3.04517314e-01	6.95174214e+01	1.11771661e-01	9.72501936e+04	7.38303251e-06	4.75460678e+02	5.44054434e+04	2.78160937e+01	0.00000000e+00	0.00000000e+00	0.00000000e+00	-0.00000000e+00	1.09542349e-07	0.00000000e+00	0.00000000e+00
2.86497078e-01	6.95200530e+01	1.11981497e-01	9.72501872e+04	7.38317900e-06	4.75469354e+02	5.11859255e+04	2.78171467e+01	0.00000000e+00	0.00000000e+00	0.00000000e+00	-0.00000000e+00	1.09542349e-07	0.00000000e+00	0.00000000e+00
2.69543215e-01	6.95225258e+01	1.12179655e-01	9.72501805e+04	7.38331544e-06	4.75477423e+02	4.81569272e+04	2.78181361e+01	0.00000000e+00	0.00000000e+00	0.00000000e+00	-0.00000000e+00	1.09542349e-07	0.00000000e+00	0.00000000e+00
2.53592620e-01	6.95248406e+01	1.12366493e-01	9.72501735e+04	7.38344189e-06	4.75484875e+02	4.53071740e+04	2.78190623e+01	0.00000000e+00	0.00000000e+00	0.00000000e+00	-0.00000000e+00	1.09542349e-07	0.00000000e+00	0.00000000e+00
2.38585923e-01	6.95269994e+01	1.12542425e-01	9.72501664e+04	7.38355823e-06	4.75491706e+02	4.26260588e+04	2.78199261e+01	0.00000000e+00	0.00000000e+00	0.00000000e+00	-0.00000000e+00	1.09542349e-07	0.00000000e+00	0.00000000e+00
2.24467269e-01	6.95290055e+01	1.12707900e-01	9.72501591e+04	7.38366452e-06	4.75497921e+02	4.01036024e+04	2.78207289e+01	0.00000000e+00	0.00000000e+00	0.00000000e+00	-0.00000000e+00	1.09542349e-07	0.00000000e+00	0.00000000e+00
2.11184106e-01	6.95308633e+01	1.12863393e-01	9.72501519e+04	7.38376097e-06	4.75503533e+02	3.77304160e+04	2.78214722e+01	0.00000000e+00	0.00000000e+00	0.00000000e+00	-0.00000000e+00	1.09542349e-07	0.00000000e+00	0.00000000e+00
1.98686992e-01	6.95325781e+01	1.13009391e-01	9.72501446e+04	7.38384787e-06	4.75508560e+02	3.54976660e+04	2.78221583e+01	0.00000000e+00	0.00000000e+00	0.00000000e+00	-0.00000000e+00	1.09542349e-07	0.00000000e+00	0.00000000e+00
1.86929413e-01	6.95341559e+01	1.13146384e-01	9.72501374e+04	7.38392562e-06	4.75513027e+02	3.33970422e+04	2.78227897e+01	0.00000000e+00	0.00000000e+00	0.00000000e+00	-0.00000000e+00	1.09542349e-07	0.00000000e+00	0.00000000e+00
1.75867604e-01	6.95356034e+01	1.13274858e-01	9.72501304e+04	7.38399470e-06	4.75516961e+02	3.14207256e+04	2.78233689e+01	0.00000000e+00	0.00000000e+00	0.00000000e+00	-0.00000000e+00	1.09542349e-07	0.00000000e+00	0.00000000e+00
1.65460394e-01	6.95369279e+01	1.13395291e-01	9.72501234e+04	7.38405562e-06	4.75520394e+02	2.95613605e+04	2.78238988e+01	0.00000000e+00	0.00000000e+00	0.00000000e+00	-0.00000000e+00	1.09542349e-07	0.00000000e+00	0.00000000e+00
1.55669045e-01	6.95381366e+01	1.13508147e-01	9.72501167e+04	7.38410896e-06	4.75523361e+02	2.78120259e+04	2.78243825e+01	0.00000000e+00	0.00000000e+00	0.00000000e+00	-0.00000000e+00	1.09542349e-07	0.00000000e+00	0.00000000e+00
1.46457112e-01	6.95392373e+01	1.13613875e-01	9.72501101e+04	7.38415530e-06	4.75525896e+02	2.61662104e+04	2.78248229e+01	0.00000000e+00	0.00000000e+00	0.00000000e+00	-0.00000000e+00	1.09542349e-07	0.00000000e+00	0.00000000e+00
1.37790309e-01	6.95402374e+01	1.13712904e-01	9.72501037e+04	7.38419524e-06	4.75528037e+02	2.46177886e+04	2.78252231e+01	0.00000000e+00	0.00000000e+00	0.00000000e+00	-0.00000000e+00	1.09542349e-07	0.00000000e+00	0.00000000e+00
1.29636375e-01	6.95411445e+01	1.13805647e-01	9.72500975e+04	7.38422937e-06	4.75529817e+02	2.31609966e+04	2.78255860e+01	0.00000000e+00	0.00000000e+00	0.00000000e+00	-0.00000000e+00	1.09542349e-07	0.00000000e+00	0.00000000e+00
1.21964962e-01	6.95419658e+01	1.13892494e-01	9.72500915e+04	7.38425828e-06	4.75531274e+02	2.17904123e+04	2.78259147e+01	0.00000000e+00	0.00000000e+00	0.00000000e+00	-0.00000000e+00	1.09542349e-07	0.00000000e+00	0.00000000e+00
1.14747515e-01	6.95427083e+01	1.13973817e-01	9.72500857e+04	7.38428252e-06	4.75532439e+02	2.05009342e+04	2.78262118e+01	0.00000000e+00	0.00000000e+00	0.00000000e+00	-0.00000000e+00	1.09542349e-07	0.00000000e+00	0.00000000e+00
1.07957171e-01	6.95433787e+01	1.14049965e-01	9.72500802e+04	7.38430262e-06	4.75533346e+02	1.92877629e+04	2.78264800e+01	0.00000000e+00	0.00000000e+00	0.00000000e+00	-0.00000000e+00	1.09542349e-07	0.00000000e+00	0.00000000e+00
1.01568655e-01	6.95439833e+01	1.14121271e-01	9.72500748e+04	7.38431910e-06	4.75534024e+02	1.81463827e+04	2.78267219e+01	0.00000000e+00	0.00000000e+00	0.00000000e+00	-0.00000000e+00	1.09542349e-07	0.00000000e+00	0.00000000e+00
9.55581887e-02	6.95445280e+01	1.14188045e-01	9.72500697e+04	7.38433241e-06	4.75534502e+02	1.70725453e+04	2.78269399e+01	0.00000000e+00	0.00000000e+00	0.00000000e+00	-0.00000000e+00	1.09542349e-07	0.00000000e+00	0.00000000e+00
8.99033997e-02	6.95450184e+01	1.14250580e-01	9.72500648e+04	7.38434300e-06	4.75534805e+02	1.60622536e+04	2.78271361e+01	0.00000000e+00	0.00000000e+00	0.00000000e+00	-0.00000000e+00	1.09542349e-07	0.00000000e+00	0.00000000e+00
8.45832408e-02	6.95454595e+01	1.14309150e-01	9.72500602e+04	7.38435127e-06	4.75534957e+02	1.51117474e+04	2.78273126e+01	0.00000000e+00	0.00000000e+00	0.00000000e+00	-0.00000000e+00	1.09542349e-07	0.00000000e+00	0.00000000e+00
7.95779096e-02	6.95458562e+01	1.14364014e-01	9.72500557e+04	7.38435758e-06	4.75534980e+02	1.42174887e+04	2.78274713e+01	0.00000000e+00	0.00000000e+00	0.00000000e+00	-0.00000000e+00	1.09542349e-07	0.00000000e+00	0.00000000e+00
7.48687759e-02	6.95462126e+01	1.14415412e-01	9.72500515e+04	7.38436226e-06	4.75534894e+02	1.33761489e+04	2.78276140e+01	0.00000000e+00	0.00000000e+00	0.00000000e+00	-0.00000000e+00	1.09542349e-07	0.00000000e+00	0.00000000e+00
7.04383117e-02	6.95465329e+01	1.14463570e-01	9.72500474e+04	7.38436560e-06	4.75534717e+02	1.25845967e+04	2.78277421e+01	0.00000000e+00	0.00000000e+00	0.00000000e+00	-0.00000000e+00	1.09542349e-07	0.00000000e+00	0.00000000e+00
6.62700264e-02	6.95468206e+01	1.14508698e-01	9.72500436e+04	7.38436789e-06	4.75534463e+02	1.18398856e+04	2.78278572e+01	0.00000000e+00	0.00000000e+00	0.00000000e+00	-0.00000000e+00	1.09542349e-07	0.00000000e+00	0.00000000e+00
6.23484052e-02	6.95470789e+01	1.14550993e-01	9.72500399e+04	7.38436938e-06	4.75534148e+02	1.11392439e+04	2.78279606e+01	0.00000000e+00	0.00000000e+00	0.00000000e+00	-0.00000000e+00	1.09542349e-07	0.00000000e+00	0.00000000e+00
5.86588514e-02	6.95473110e+01	1.14590640e-01	9.72500364e+04	7.38437026e-06	4.75533784e+02	1.04800636e+04	2.78280534e+01	0.00000000e+00	0.00000000e+00	0.00000000e+00	-0.00000000e+00	1.09542349e-07	0.00000000e+00	0.00000000e+00
5.51876320e-02	6.95475194e+01	1.14627811e-01	9.72500331e+04	7.38437073e-06	4.75533381e+02	9.85989121e+03	2.78281368e+01	0.00000000e+00	0.00000000e+00	0.00000000e+00	-0.00000000e+00	1.09542349e-07	0.00000000e+00	0.00000000e+00
5.19218269e-02	6.95477066e+01	1.14662666e-01	9.72500300e+04	7.38437097e-06	4.75532950e+02	9.27641840e+03	2.78282117e+01	0.00000000e+00	0.00000000e+00	0.00000000e+00	-0.00000000e+00	1.09542349e-07	0.00000000e+00	0.00000000e+00
4.88492803e-02	6.95478748e+01	1.14695355e-01	9.72500270e+04	7.38437113e-06	4.75532498e+02	8.72747339e+03	2.78282790e+01	0.00000000e+00	0.00000000e+00	0.00000000e+00	-0.00000000e+00	1.09542349e-07	0.00000000e+00	0.00000000e+00
4.59585560e-02	6.95480259e+01	1.14726017e-01	9.72500242e+04	7.38437136e-06	4.75532034e+02	8.21101298e+03	2.78283395e+01	0.00000000e+00	0.00000000e+00	0.00000000e+00	-0.00000000e+00	1.09542349e-07	0.00000000e+00	0.00000000e+00
4.32388943e-02	6.95481618e+01	1.14754783e-01	9.72500215e+04	7.38437177e-06	4.75531564e+02	7.72511482e+03	2.78283939e+01	0.00000000e+00	0.00000000e+00	0.00000000e+00	-0.00000000e+00	1.09542349e-07	0.00000000e+00	0.00000000e+00
4.06801723e-02	6.95482840e+01	1.14781774e-01	9.72500190e+04	7.38437249e-06	4.75531093e+02	7.26797036e+03	2.78284428e+01	0.00000000e+00	0.00000000e+00	0.00000000e+00	-0.00000000e+00	1.09542349e-07	0.00000000e+00	0.00000000e+00
3.82728663e-02	6.95483940e+01	1.14807105e-01	9.72500166e+04	7.38437360e-06	4.75530625e+02	6.83787806e+03	2.78284868e+01	0.00000000e+00	0.00000000e+00	0.00000000e+00	-0.00000000e+00	1.09542349e-07	0.00000000e+00	0.00000000e+00
3.60080159e-02	6.95484930e+01	1.14830880e-01	9.72500143e+04	7.38437522e-06	4.75530166e+02	6.43323706e+03	2.78285264e+01	0.00000000e+00	0.00000000e+00	0.00000000e+00	-0.00000000e+00	1.09542349e-07	0.00000000e+00	0.00000000e+00
3.38771912e-02	6.95485821e+01	1.14853198e-01	9.72500122e+04	7.38437742e-06	4.75529719e+02	6.05254126e+03	2.78285621e+01	0.00000000e+00	0.00000000e+00	0.00000000e+00	-0.00000000e+00	1.09542349e-07	0.00000000e+00	0.00000000e+00
3.18724610e-02	6.95486625e+01	1.14874149e-01	9.72500101e+04	7.38438026e-06	4.75529287e+02	5.69437366e+03	2.78285942e+01	0.00000000e+00	0.00000000e+00	0.00000000e+00	-0.00000000e+00	1.09542349e-07	0.00000000e+00	0.00000000e+00
2.99863635e-02	6.95487350e+01	1.14893817e-01	9.72500082e+04	7.38438247e-06	4.75528873e+02	5.35740113e+03	2.78286232e+01	0.00000000e+00	0.00000000e+00	0.00000000e+00	-0.00000000e+00	1.09542349e-07	0.00000000e+00	0.00000000e+00
2.82118784e-02	6.95488005e+01	1.14912229e-01	9.72500064e+04	7.38439460e-06	4.75528454e+02	5.04036941e+03	2.78286495e+01	0.00000000e+00	0.00000000e+00	0.00000000e+00	-0.00000000e+00	1.09542349e-07	0.00000000e+00	0.00000000e+00
2.65424009e-02	6.95488616e+01	1.14929399e-01	9.72500046e+04	7.38451953e-06	4.75528072e+02	4.74209847e+03	2.78286739e+01	0.00000000e+00	0.00000000e+00	0.00000000e+00	-0.00000000e+00	1.09542349e-07	0.00000000e+00	0.00000000e+00
2.49717171e-02	6.95489201e+01	1.14944636e-01	9.72500026e+04	7.38325472e-06	4.75530800e+02	4.46147814e+03	2.78286973e+01	0.00000000e+00	0.00000000e+00	0.00000000e+00	-0.00000000e+00	1.09542349e-07	0.00000000e+00	0.00000000e+00
2.34939806e-02	6.95489534e+01	1.14955908e-01	9.72499992e+04	7.37657703e-06	4.75530048e+02	4.19746390e+03	2.78287106e+01	0.00000000e+00	0.00000000e+00	0.00000000e+00	-0.00000000e+00	1.09542349e-07	0.00000000e+00	0.00000000e+00
2.21036912e-02	6.95490912e+01	1.14949532e-01	9.72499917e+04	7.69650769e-06	4.75202732e+02	3.94907306e+03	2.78287658e+01	0.00000000e+00	0.00000000e+00	0.00000000e+00	-0.00000000e+00	1.09542349e-07	0.00000000e+00	0.00000000e+00
2.07956742e-02	6.95526997e+01	1.14919055e-01	9.72499493e+04	1.07221638e-04	4.74518517e+02	3.71538111e+03	2.78302096e+01	0.00000000e+00	0.00000000e+00	0.00000000e+00	-0.00000000e+00	1.09542349e-07	0.00000000e+00	0.00000000e+00
1.95650608e-02	6.95465252e+01	1.14755697e-01	9.72497602e+04	6.16654573e-03	5.44149660e+02	3.49551818e+03	2.78277390e+01	0.00000000e+00	0.00000000e+00	0.00000000e+00	-0.00000000e+00	1.09542349e-07	0.00000000e+00	0.00000000e+00
1.84072706e-02	6.93568854e+01	1.12310485e-01	9.72495596e+04	6.77251595e-02	1.15958218e+03	3.28866594e+03	2.77518582e+01	0.00000000e+00	0.00000000e+00	0.00000000e+00	-0.00000000e+00	1.09542349e-07	0.00000000e+00	0.00000000e+00
1.73179943e-02	6.88076777e+01	1.05883597e-01	9.72488564e+04	2.50655395e-01	1.96358264e+03	3.09405448e+03	2.75321031e+01	0.00000000e+00	0.00000000e+00	0.00000000e+00	-0.00000000e+00	1.09542349e-07	0.00000000e+00	0.00000000e+00
1.62931774e-02	6.80786970e+01	9.76096610e-02	9.72476810e+04	4.95128527e-01	2.29374023e+03	2.91095941e+03	2.72404151e+01	0.00000000e+00	0.00000000e+00	0.00000000e+00	-0.00000000e+00	1.09542349e-07	0.00000000e+00	0.00000000e+00
1.53290055e-02	6.73259285e+01	8.95842195e-02	9.72465276e+04	7.33464408e-01	2.48105732e+03	2.73869925e+03	2.69392088e+01	0.00000000e+00	0.00000000e+00	0.00000000e+00	-0.00000000e+00	1.09542349e-07	0.00000000e+00	0.00000000e+00
1.44218897e-02	6.65529012e+01	8.19147367e-02	9.72454458e+04	9.63173097e-01	2.63198680e+03	2.57663281e+03	2.66298965e+01	0.00000000e+00	0.00000000e+00	0.00000000e+00	-0.00000000e+00	1.09542349e-07	0.00000000e+00	0.00000000e+00
1.35684537e-02	6.57430358e+01	7.43882988e-02	9.72443956e+04	1.19131427e+00	2.77333635e+03	2.42415687e+03	2.63058440e+01	0.00000000e+00	0.00000000e+00	0.00000000e+00	-0.00000000e+00	1.09542349e-07	0.00000000e+00	0.00000000e+00
1.27655210e-02	6.49158140e+01	6.71591135e-02	9.72433685e+04	1.41099616e+00	2.90404976e+03	2.28070391e+03	2.59748467e+01	0.00000000e+00	0.00000000e+00	0.00000000e+00	-0.00000000e+00	1.09542349e-07	0.00000000e+00	0.00000000e+00
1.20101028e-02	6.41044026e+01	6.05296639e-02	9.72424291e+04	1.61021706e+00	3.01805738e+03	2.14573996e+03	2.56501756e+01	0.00000000e+00	0.00000000e+00	0.00000000e+00	-0.00000000e+00	1.09542349e-07	0.00000000e+00	0.00000000e+00
1.12993876e-02	6.33285489e+01	5.46091266e-02	9.72416012e+04	1.78524132e+00	3.11865421e+03	2.01876269e+03	2.53397323e+01	0.00000000e+00	0.00000000e+00	0.00000000e+00	-0.00000000e+00	1.09542349e-07	0.00000000e+00	0.00000000e+00
1.06307299e-02	6.25943588e+01	4.93800438e-02	9.72408821e+04	1.93708855e+00	3.21122152e+03	1.89929947e+03	2.50459599e+01	0.00000000e+00	0.00000000e+00	0.00000000e+00	-0.00000000e+00	1.09542349e-07	0.00000000e+00	0.00000000e+00
1.00016409e-02	6.19004830e+01	4.47720359e-02	9.72402593e+04	2.06857406e+00	3.30086026e+03	1.78690565e+03	2.47683185e+01	0.00000000e+00	0.00000000e+00	0.00000000e+00	-0.00000000e+00	1.09542349e-07	0.00000000e+00	0.00000000e+00
9.40977901e-03	6.12427357e+01	4.07021355e-02	9.72397179e+04	2.18286290e+00	3.39192929e+03	1.68116286e+03	2.45051332e+01	0.00000000e+00	0.00000000e+00	0.00000000e+00	-0.00000000e+00	1.09542349e-07	0.00000000e+00	0.00000000e+00
8.85294137e-03	6.06165355e+01	3.70934990e-02	9.72392443e+04	2.28284861e+00	3.48788456e+03	1.58167755e+03	2.42545710e+01	0.00000000e+00	0.00000000e+00	0.00000000e+00	-0.00000000e+00	1.09542349e-07	0.00000000e+00	0.00000000e+00
8.32905531e-03	6.00178970e+01	3.38813742e-02	9.72388270e+04	2.37093636e+00	3.59134705e+03	1.48807942e+03	2.40150370e+01	0.00000000e+00	0.00000000e+00	0.00000000e+00	-0.00000000e+00	1.09542349e-07	0.00000000e+00	0.00000000e+00
7.83617088e-03	5.94436276e+01	3.10128696e-02	9.72384569e+04	2.44905337e+00	3.70428473e+03	1.40002007e+03	2.37852538e+01	0.00000000e+00	0.00000000e+00	0.00000000e+00	-0.00000000e+00	1.09542349e-07	0.00000000e+00	0.00000000e+00
7.37245350e-03	5.88911428e+01	2.84443698e-02	9.72381266e+04	2.51875681e+00	3.82823197e+03	1.31717174e+03	2.35641874e+01	0.00000000e+00	0.00000000e+00	0.00000000e+00	-0.00000000e+00	1.09542349e-07	0.00000000e+00	0.00000000e+00
6.93617719e-03	5.83581228e+01	2.61384906e-02	9.72378299e+04	2.58134395e+00	3.96448496e+03	1.23922607e+03	2.33509094e+01	0.00000000e+00	0.00000000e+00	0.00000000e+00	-0.00000000e+00	1.09542349e-07	0.00000000e+00	0.00000000e+00
6.52571806e-03	5.78421208e+01	2.40617365e-02	9.72375616e+04	2.63792071e+00	4.11425001e+03	1.16589293e+03	2.31444409e+01	0.00000000e+00	0.00000000e+00	0.00000000e+00	-0.00000000e+00	1.09542349e-07	0.00000000e+00	0.00000000e+00
6.13954835e-03	5.73401827e+01	2.21817597e-02	9.72373179e+04	2.68941938e+00	4.27874724e+03	1.09689937e+03	2.29435998e+01	0.00000000e+00	0.00000000e+00	0.00000000e+00	-0.00000000e+00	1.09542349e-07	0.00000000e+00	0.00000000e+00
5.77623069e-03	5.68495119e+01	2.04703776e-02	9.72370950e+04	2.73656847e+00	4.45904901e+03	1.03198858e+03	2.27472670e+01	0.00000000e+00	0.00000000e+00	0.00000000e+00	-0.00000000e+00	1.09542349e-07	0.00000000e+00	0.00000000e+00
5.43441278e-03	5.63684258e+01	1.89076014e-02	9.72368902e+04	2.77984938e+00	4.65586371e+03	9.70918970e+02	2.25547695e+01	0.00000000e+00	0.00000000e+00	0.00000000e+00	-0.00000000e+00	1.09542349e-07	0.00000000e+00	0.00000000e+00
5.11282232e-03	5.58959236e+01	1.74783581e-02	9.72367023e+04	2.81960082e+00	4.86977201e+03	9.13463217e+02	2.23657065e+01	0.00000000e+00	0.00000000e+00	0.00000000e+00	-0.00000000e+00	1.09542349e-07	0.00000000e+00	0.00000000e+00
4.81026234e-03	5.54311154e+01	1.61690996e-02	9.72365296e+04	2.85612804e+00	5.10147110e+03	8.59407473e+02	2.21797223e+01	0.00000000e+00	0.00000000e+00	0.00000000e+00	-0.00000000e+00	1.09542349e-07	0.00000000e+00	0.00000000e+00
4.52560666e-03	5.49732079e+01	1.49680062e-02	9.72363709e+04	2.88970562e+00	5.35176772e+03	8.08550534e+02	2.19964992e+01	0.00000000e+00	0.00000000e+00	0.00000000e+00	-0.00000000e+00	1.09542349e-07	0.00000000e+00	0.00000000e+00
4.25779577e-03	5.45214920e+01	1.38646483e-02	9.72362250e+04	2.92058036e+00	5.62157439e+03	7.60703106e+02	2.18157535e+01	0.00000000e+00	0.00000000e+00	0.00000000e+00	-0.00000000e+00	1.09542349e-07	0.00000000e+00	0.00000000e+00
4.00583285e-03	5.40753320e+01	1.28498103e-02	9.72360909e+04	2.94897411e+00	5.91190818e+03	7.15687097e+02	2.16372309e+01	0.00000000e+00	0.00000000e+00	0.00000000e+00	-0.00000000e+00	1.09542349e-07	0.00000000e+00	0.00000000e+00
3.76878006e-03	5.36341561e+01	1.19153198e-02	9.72359676e+04	2.97508643e+00	6.22389137e+03	6.73334949e+02	2.14607026e+01	0.00000000e+00	0.00000000e+00	0.00000000e+00	-0.00000000e+00	1.09542349e-07	0.00000000e+00	0.00000000e+00
3.54575508e-03	5.31974488e+01	1.10539070e-02	9.72358543e+04	2.99909702e+00	6.55875367e+03	6.33489028e+02	2.12859624e+01	0.00000000e+00	0.00000000e+00	0.00000000e+00	-0.00000000e+00	1.09542349e-07	0.00000000e+00	0.00000000e+00
3.33592777e-03	5.27647436e+01	1.02590859e-02	9.72357502e+04	3.02116786e+00	6.91783579e+03	5.96001019e+02	2.11128236e+01	0.00000000e+00	0.00000000e+00	0.00000000e+00	-0.00000000e+00	1.09542349e-07	0.00000000e+00	0.00000000e+00
3.13851714e-03	5.23356173e+01	9.52505343e-03	9.72356546e+04	3.04144514e+00	7.30259416e+03	5.60731389e+02	2.09411167e+01	0.00000000e+00	0.00000000e+00	0.00000000e+00	-0.00000000e+00	1.09542349e-07	0.00000000e+00	0.00000000e+00
2.95278840e-03	5.19096844e+01	8.84660297e-03	9.72355669e+04	3.06006093e+00	7.71460671e+03	5.27548861e+02	2.07706876e+01	0.00000000e+00	0.00000000e+00	0.00000000e+00	-0.00000000e+00	1.09542349e-07	0.00000000e+00	0.00000000e+00
2.77805026e-03	5.14865927e+01	8.21905160e-03	9.72354865e+04	3.07713467e+00	8.15557969e+03	4.96329927e+02	2.06013954e+01	0.00000000e+00	0.00000000e+00	0.00000000e+00	-0.00000000e+00	1.09542349e-07	0.00000000e+00	0.00000000e+00
2.61365231e-03	5.10660193e+01	7.63817692e-03	9.72354129e+04	3.09277443e+00	8.62735548e+03	4.66958384e+02	2.04331108e+01	0.00000000e+00	0.00000000e+00	0.00000000e+00	-0.00000000e+00	1.09542349e-07	0.00000000e+00	0.00000000e+00
2.45898266e-03	5.06476672e+01	7.10016321e-03	9.72353457e+04	3.10707809e+00	9.13192141e+03	4.39324911e+02	2.02657151e+01	0.00000000e+00	0.00000000e+00	0.00000000e+00	-0.00000000e+00	1.09542349e-07	0.00000000e+00	0.00000000e+00
2.31346559e-03	5.02312619e+01	6.60155475e-03	9.72352843e+04	3.12013428e+00	9.67141963e+03	4.13326650e+02	2.00990983e+01	0.00000000e+00	0.00000000e+00	0.00000000e+00	-0.00000000e+00	1.09542349e-07	0.00000000e+00	0.00000000e+00
2.17655950e-03	4.98165491e+01	6.13921554e-03	9.72352286e+04	3.13202327e+00	1.02481580e+04	3.88866837e+02	1.99331588e+01	0.00000000e+00	0.00000000e+00	0.00000000e+00	-0.00000000e+00	1.09542349e-07	0.00000000e+00	0.00000000e+00
2.04775479e-03	4.94032921e+01	5.71029427e-03	9.72351780e+04	3.14281767e+00	1.08646224e+04	3.65854427e+02	1.97678017e+01	0.00000000e+00	0.00000000e+00	0.00000000e+00	-0.00000000e+00	1.09542349e-07	0.00000000e+00	0.00000000e+00
1.92657204e-03	4.89912694e+01	5.31219386e-03	9.72351323e+04	3.15258316e+00	1.15234898e+04	3.44203765e+02	1.96029385e+01	0.00000000e+00	0.00000000e+00	0.00000000e+00	-0.00000000e+00	1.09542349e-07	0.00000000e+00	0.00000000e+00
1.81256020e-03	4.85802732e+01	4.94254475e-03	9.72350911e+04	3.16137901e+00	1.22276430e+04	3.23834268e+02	1.94384861e+01	0.00000000e+00	0.00000000e+00	0.00000000e+00	-0.00000000e+00	1.09542349e-07	0.00000000e+00	0.00000000e+00
1.70529490e-03	4.81701073e+01	4.59918162e-03	9.72350544e+04	3.16925857e+00	1.29801869e+04	3.04670115e+02	1.92743659e+01	0.00000000e+00	0.00000000e+00	0.00000000e+00	-0.00000000e+00	1.09542349e-07	0.00000000e+00	0.00000000e+00
1.60437688e-03	4.77605861e+01	4.28012278e-03	9.72350217e+04	3.17626974e+00	1.37844658e+04	2.86639976e+02	1.91105037e+01	0.00000000e+00	0.00000000e+00	0.00000000e+00	-0.00000000e+00	1.09542349e-07	0.00000000e+00	0.00000000e+00
1.50943053e-03	4.73515324e+01	3.98355212e-03	9.72349930e+04	3.18245535e+00	1.46440834e+04	2.69676742e+02	1.89468285e+01	0.00000000e+00	0.00000000e+00	0.00000000e+00	-0.00000000e+00	1.09542349e-07	0.00000000e+00	0.00000000e+00
1.42010244e-03	4.69427769e+01	3.70780310e-03	9.72349680e+04	3.18785344e+00	1.55629234e+04	2.53717274e+02	1.87832726e+01	0.00000000e+00	0.00000000e+00	0.00000000e+00	-0.00000000e+00	1.09542349e-07	0.00000000e+00	0.00000000e+00
1.33606012e-03	4.65341564e+01	3.45134451e-03	9.72349465e+04	3.19249760e+00	1.65451732e+04	2.38702169e+02	1.86197708e+01	0.00000000e+00	0.00000000e+00	0.00000000e+00	-0.00000000e+00	1.09542349e-07	0.00000000e+00	0.00000000e+00
1.25699076e-03	4.61255132e+01	3.21276812e-03	9.72349285e+04	3.19641718e+00	1.75953494e+04	2.24575538e+02	1.84562599e+01	0.00000000e+00	0.00000000e+00	0.00000000e+00	-0.00000000e+00	1.09542349e-07	0.00000000e+00	0.00000000e+00
1.18260006e-03	4.57166938e+01	2.99077721e-03	9.72349138e+04	3.19963768e+00	1.87183267e+04	2.11284803e+02	1.82926785e+01	0.00000000e+00	0.00000000e+00	0.00000000e+00	-0.00000000e+00	1.09542349e-07	0.00000000e+00	0.00000000e+00
1.11261111e-03	4.53075483e+01	2.78417647e-03	9.72349023e+04	3.20218069e+00	1.99193680e+04	1.98780490e+02	1.81289666e+01	0.00000000e+00	0.00000000e+00	0.00000000e+00	-0.00000000e+00	1.09542349e-07	0.00000000e+00	0.00000000e+00
1.04676342e-03	4.48979291e+01	2.59186325e-03	9.72348939e+04	3.20406414e+00	2.12041585e+04	1.87016059e+02	1.79650651e+01	0.00000000e+00	0.00000000e+00	0.00000000e+00	-0.00000000e+00	1.09542349e-07	0.00000000e+00	0.00000000e+00
9.84811900e-04	4.44876904e+01	2.41281943e-03	9.72348885e+04	3.20530233e+00	2.25788428e+04	1.75947723e+02	1.78009158e+01	0.00000000e+00	0.00000000e+00	0.00000000e+00	-0.00000000e+00	1.09542349e-07	0.00000000e+00	0.00000000e+00
9.26525952e-04	4.40766873e+01	2.24610417e-03	9.72348862e+04	3.20590607e+00	2.40500663e+04	1.65534283e+02	1.76364606e+01	0.00000000e+00	0.00000000e+00	0.00000000e+00	-0.00000000e+00	1.09542349e-07	0.00000000e+00	0.00000000e+00
8.71688631e-04	4.36647750e+01	2.09084742e-03	9.72348868e+04	3.20588272e+00	2.56250204e+04	1.55736979e+02	1.74716416e+01	0.00000000e+00	0.00000000e+00	0.00000000e+00	-0.00000000e+00	1.09542349e-07	0.00000000e+00	0.00000000e+00
8.20095829e-04	4.32518084e+01	1.94624399e-03	9.72348903e+04	3.20523622e+00	2.73114921e+04	1.46519344e+02	1.73064007e+01	0.00000000e+00	0.00000000e+00	0.00000000e+00	-0.00000000e+00	1.09542349e-07	0.00000000e+00	0.00000000e+00
7.71555510e-04	4.28376408e+01	1.81154827e-03	9.72348968e+04	3.20396716e+00	2.91179198e+04	1.37847070e+02	1.71406794e+01	0.00000000e+00	0.00000000e+00	0.00000000e+00	-0.00000000e+00	1.09542349e-07	0.00000000e+00	0.00000000e+00
7.25887002e-04	4.24221239e+01	1.68606938e-03	9.72349062e+04	3.20207267e+00	3.10534535e+04	1.29687878e+02	1.69744180e+01	0.00000000e+00	0.00000000e+00	0.00000000e+00	-0.00000000e+00	1.09542349e-07	0.00000000e+00	0.00000000e+00
6.82920324e-04	4.20051065e+01	1.56916681e-03	9.72349186e+04	3.19954646e+00	3.31280222e+04	1.22011397e+02	1.68075563e+01	0.00000000e+00	0.00000000e+00	0.00000000e+00	-0.00000000e+00	1.09542349e-07	0.00000000e+00	0.00000000e+00
6.42495547e-04	4.15864342e+01	1.46024640e-03	9.72349341e+04	3.19637875e+00	3.53524083e+04	1.14789056e+02	1.66400325e+01	0.00000000e+00	0.00000000e+00	0.00000000e+00	-0.00000000e+00	1.09542349e-07	0.00000000e+00	0.00000000e+00
6.04462207e-04	4.11659487e+01	1.35875677e-03	9.72349526e+04	3.19255612e+00	3.77383302e+04	1.07993972e+02	1.64717831e+01	0.00000000e+00	0.00000000e+00	0.00000000e+00	-0.00000000e+00	1.09542349e-07	0.00000000e+00	0.00000000e+00
5.68678739e-04	4.07434870e+01	1.26418599e-03	9.72349742e+04	3.18806149e+00	4.02985326e+04	1.01600853e+02	1.63027429e+01	0.00000000e+00	0.00000000e+00	0.00000000e+00	-0.00000000e+00	1.09542349e-07	0.00000000e+00	0.00000000e+00
5.35011954e-04	4.03188805e+01	1.17605851e-03	9.72349991e+04	3.18287389e+00	4.30468886e+04	9.55859035e+01	1.61328446e+01	0.00000000e+00	0.00000000e+00	0.00000000e+00	-0.00000000e+00	1.09542349e-07	0.00000000e+00	0.00000000e+00
5.03336541e-04	3.98919546e+01	1.09393250e-03	9.72350274e+04	3.17696834e+00	4.59985108e+04	8.99267346e+01	1.59620182e+01	0.00000000e+00	0.00000000e+00	0.00000000e+00	-0.00000000e+00	1.09542349e-07	0.00000000e+00	0.00000000e+00
4.73534599e-04	3.94625282e+01	1.01739722e-03	9.72350592e+04	3.17031563e+00	4.91698762e+04	8.46022825e+01	1.57901913e+01	0.00000000e+00	0.00000000e+00	0.00000000e+00	-0.00000000e+00	1.09542349e-07	0.00000000e+00	0.00000000e+00
4.45495204e-04	3.90304120e+01	9.46070766e-04	9.72350947e+04	3.16288210e+00	5.25789642e+04	7.95927292e+01	1.56172881e+01	0.00000000e+00	0.00000000e+00	0.00000000e+00	-0.00000000e+00	1.09542349e-07	0.00000000e+00	0.00000000e+00
4.19113989e-04	3.85954089e+01	8.79597901e-04	9.72351340e+04	3.15462933e+00	5.62454100e+04	7.48794284e+01	1.54432297e+01	0.00000000e+00	0.00000000e+00	0.00000000e+00	-0.00000000e+00	1.09542349e-07	0.00000000e+00	0.00000000e+00
3.94292761e-04	3.81573121e+01	8.17648123e-04	9.72351773e+04	3.14551388e+00	6.01906751e+04	7.04448368e+01	1.52679335e+01	0.00000000e+00	0.00000000e+00	0.00000000e+00	-0.00000000e+00	1.09542349e-07	0.00000000e+00	0.00000000e+00
3.70939133e-04	3.77159050e+01	7.59913852e-04	9.72352250e+04	3.13548693e+00	6.44382372e+04	6.62724485e+01	1.50913127e+01	0.00000000e+00	0.00000000e+00	0.00000000e+00	-0.00000000e+00	1.09542349e-07	0.00000000e+00	0.00000000e+00
3.48966179e-04	3.72709601e+01	7.06108774e-04	9.72352771e+04	3.12449385e+00	6.90138009e+04	6.23467331e+01	1.49132764e+01	0.00000000e+00	0.00000000e+00	0.00000000e+00	-0.00000000e+00	1.09542349e-07	0.00000000e+00	0.00000000e+00
3.28292114e-04	3.68222377e+01	6.55966313e-04	9.72353341e+04	3.11247383e+00	7.39455324e+04	5.86530788e+01	1.47337285e+01	0.00000000e+00	0.00000000e+00	0.00000000e+00	-0.00000000e+00	1.09542349e-07	0.00000000e+00	0.00000000e+00
3.08839988e-04	3.63694856e+01	6.09238219e-04	9.72353962e+04	3.09935937e+00	7.92643207e+04	5.51777377e+01	1.45525683e+01	0.00000000e+00	0.00000000e+00	0.00000000e+00	-0.00000000e+00	1.09542349e-07	0.00000000e+00	0.00000000e+00
2.90537397e-04	3.59124375e+01	5.65693263e-04	9.72354638e+04	3.08507573e+00	8.50040681e+04	5.19077740e+01	1.43696890e+01	0.00000000e+00	0.00000000e+00	0.00000000e+00	-0.00000000e+00	1.09542349e-07	0.00000000e+00	0.00000000e+00
2.73316217e-04	3.54508121e+01	5.25116038e-04	9.72355373e+04	3.06954040e+00	9.12020133e+04	4.88310165e+01	1.41849783e+01	0.00000000e+00	0.00000000e+00	0.00000000e+00	-0.00000000e+00	1.09542349e-07	0.00000000e+00	0.00000000e+00
2.57112349e-04	3.49843123e+01	4.87305837e-04	9.72356170e+04	3.05266242e+00	9.78990900e+04	4.59360132e+01	1.39983171e+01	0.00000000e+00	0.00000000e+00	0.00000000e+00	-0.00000000e+00	1.09542349e-07	0.00000000e+00	0.00000000e+00
2.41865480e-04	3.45126235e+01	4.52075625e-04	9.72357035e+04	3.03434176e+00	1.05140327e+05	4.32119885e+01	1.38095797e+01	0.00000000e+00	0.00000000e+00	0.00000000e+00	-0.00000000e+00	1.09542349e-07	0.00000000e+00	0.00000000e+00
2.27518861e-04	3.40354129e+01	4.19251076e-04	9.72357973e+04	3.01446854e+00	1.12975290e+05	4.06488037e+01	1.36186328e+01	0.00000000e+00	0.00000000e+00	0.00000000e+00	-0.00000000e+00	1.09542349e-07	0.00000000e+00	0.00000000e+00
2.14019091e-04	3.35523282e+01	3.88669686e-04	9.72358989e+04	2.99292230e+00	1.21458574e+05	3.82369179e+01	1.34253355e+01	0.00000000e+00	0.00000000e+00	0.00000000e+00	-0.00000000e+00	1.09542349e-07	0.00000000e+00	0.00000000e+00
2.01315922e-04	3.30629962e+01	3.60179939e-04	9.72360090e+04	2.96957121e+00	1.30650348e+05	3.59673539e+01	1.32295385e+01	0.00000000e+00	0.00000000e+00	0.00000000e+00	-0.00000000e+00	1.09542349e-07	0.00000000e+00	0.00000000e+00
1.89362073e-04	3.25670219e+01	3.33640536e-04	9.72361282e+04	2.94427125e+00	1.40616958e+05	3.38316643e+01	1.30310836e+01	0.00000000e+00	0.00000000e+00	0.00000000e+00	-0.00000000e+00	1.09542349e-07	0.00000000e+00	0.00000000e+00
1.78113050e-04	3.20639871e+01	3.08919676e-04	9.72362573e+04	2.91686543e+00	1.51431591e+05	3.18218998e+01	1.28298037e+01	0.00000000e+00	0.00000000e+00	0.00000000e+00	-0.00000000e+00	1.09542349e-07	0.00000000e+00	0.00000000e+00
1.67526982e-04	3.15534494e+01	2.85894353e-04	9.72363970e+04	2.88718303e+00	1.63175012e+05	2.99305797e+01	1.26255216e+01	0.00000000e+00	0.00000000e+00	0.00000000e+00	-0.00000000e+00	1.09542349e-07	0.00000000e+00	0.00000000e+00
1.57564468e-04	3.10349417e+01	2.64449937e-04	9.72365483e+04	2.85503900e+00	1.75936374e+05	2.81506645e+01	1.24180504e+01	0.00000000e+00	0.00000000e+00	0.00000000e+00	-0.00000000e+00	1.09542349e-07	0.00000000e+00	0.00000000e+00
1.48188425e-04	3.05079706e+01	2.44479079e-04	9.72367120e+04	2.82023342e+00	1.89814105e+05	2.64755290e+01	1.22071928e+01	0.00000000e+00	0.00000000e+00	0.00000000e+00	-0.00000000e+00	1.09542349e-07	0.00000000e+00	0.00000000e+00
1.39363955e-04	2.99720170e+01	2.25885307e-04	9.72368892e+04	2.78255133e+00	2.04916895e+05	2.48989381e+01	1.19927411e+01	0.00000000e+00	0.00000000e+00	0.00000000e+00	-0.00000000e+00	1.09542349e-07	0.00000000e+00	0.00000000e+00
1.31058213e-04	2.94265356e+01	2.08573536e-04	9.72370809e+04	2.74176291e+00	2.21364764e+05	2.34150239e+01	1.17744769e+01	0.00000000e+00	0.00000000e+00	0.00000000e+00	-0.00000000e+00	1.09542349e-07	0.00000000e+00	0.00000000e+00
1.23240283e-04	2.88709555e+01	1.92526214e-04	9.72372883e+04	2.69762417e+00	2.39290253e+05	2.20182628e+01	1.15521719e+01	0.00000000e+00	0.00000000e+00	0.00000000e+00	-0.00000000e+00	1.09542349e-07	0.00000000e+00	0.00000000e+00
1.15881067e-04	2.83046821e+01	1.77627970e-04	9.72375127e+04	2.64987860e+00	2.58839730e+05	2.07034561e+01	1.13255882e+01	0.00000000e+00	0.00000000e+00	0.00000000e+00	-0.00000000e+00	1.09542349e-07	0.00000000e+00	0.00000000e+00
1.08953172e-04	2.77264620e+01	1.63691336e-04	9.72377558e+04	2.59814840e+00	2.80190210e+05	1.94657097e+01	1.10942243e+01	0.00000000e+00	0.00000000e+00	0.00000000e+00	-0.00000000e+00	1.09542349e-07	0.00000000e+00	0.00000000e+00
1.02430813e-04	2.71345710e+01	1.50651067e-04	9.72380196e+04	2.54198843e+00	3.03540471e+05	1.83004169e+01	1.08573902e+01	0.00000000e+00	0.00000000e+00	0.00000000e+00	-0.00000000e+00	1.09542349e-07	0.00000000e+00	0.00000000e+00
9.62897123e-05	2.65278515e+01	1.38467126e-04	9.72383061e+04	2.48095529e+00	3.29078725e+05	1.72032402e+01	1.06146227e+01	0.00000000e+00	0.00000000e+00	0.00000000e+00	-0.00000000e+00	1.09542349e-07	0.00000000e+00	0.00000000e+00
9.05070119e-05	2.59056709e+01	1.27089617e-04	9.72386173e+04	2.41463634e+00	3.56988167e+05	1.61700957e+01	1.03656688e+01	0.00000000e+00	0.00000000e+00	0.00000000e+00	-0.00000000e+00	1.09542349e-07	0.00000000e+00	0.00000000e+00
8.50611882e-05	2.52676338e+01	1.16462466e-04	9.72389548e+04	2.34266473e+00	3.87461212e+05	1.51971380e+01	1.01103703e+01	0.00000000e+00	0.00000000e+00	0.00000000e+00	-0.00000000e+00	1.09542349e-07	0.00000000e+00	0.00000000e+00
7.99319713e-05	2.46134882e+01	1.06528830e-04	9.72393201e+04	2.26473297e+00	4.20706805e+05	1.42807458e+01	9.84862615e+00	0.00000000e+00	0.00000000e+00	0.00000000e+00	-0.00000000e+00	1.09542349e-07	0.00000000e+00	0.00000000e+00
7.51002697e-05	2.39431167e+01	9.72358254e-05	9.72397141e+04	2.18061067e+00	4.56955478e+05	1.34175079e+01	9.58038956e+00	0.00000000e+00	0.00000000e+00	0.00000000e+00	-0.00000000e+00	1.09542349e-07	0.00000000e+00	0.00000000e+00
7.05480993e-05	2.32565642e+01	8.85366451e-05	9.72401375e+04	2.09016701e+00	4.96464941e+05	1.26042115e+01	9.30567841e+00	0.00000000e+00	0.00000000e+00	0.00000000e+00	-0.00000000e+00	1.09542349e-07	0.00000000e+00	0.00000000e+00
6.62585164e-05	2.25540725e+01	8.03983590e-05	9.72405902e+04	1.99339639e+00	5.39528266e+05	1.18378292e+01	9.02458952e+00	0.00000000e+00	0.00000000e+00	0.00000000e+00	-0.00000000e+00	1.09542349e-07	0.00000000e+00	0.00000000e+00
6.22155547e-05	2.18361129e+01	7.28021299e-05	9.72410716e+04	1.89044509e+00	5.86486092e+05	1.11155087e+01	8.73731146e+00	0.00000000e+00	0.00000000e+00	0.00000000e+00	-0.00000000e+00	1.09542349e-07	0.00000000e+00	0.00000000e+00
5.84041659e-05	2.11033936e+01	6.58175337e-05	9.72415800e+04	1.78163247e+00	6.37744643e+05	1.04345612e+01	8.44412755e+00	0.00000000e+00	0.00000000e+00	0.00000000e+00	-0.00000000e+00	1.09542349e-07	0.00000000e+00	0.00000000e+00
5.48101637e-05	2.03567365e+01	5.93368779e-05	9.72421135e+04	1.66744373e+00	6.93803743e+05	9.79245226e+00	8.14536671e+00	0.00000000e+00	0.00000000e+00	0.00000000e+00	-0.00000000e+00	1.09542349e-07	0.00000000e+00	0.00000000e+00
5.14201707e-05	1.95962143e+01	5.30121667e-05	9.72426694e+04	1.54837417e+00	7.55313566e+05	9.18679187e+00	7.84105800e+00	0.00000000e+00	0.00000000e+00	0.00000000e+00	-0.00000000e+00	1.09542349e-07	0.00000000e+00	0.00000000e+00
4.82215690e-05	1.88211152e+01	4.69067475e-05	9.72432447e+04	1.42504253e+00	8.23083560e+05	8.61532570e+00	7.53091660e+00	0.00000000e+00	0.00000000e+00	0.00000000e+00	-0.00000000e+00	1.09542349e-07	0.00000000e+00	0.00000000e+00
4.52024532e-05	1.80318005e+01	4.12611466e-05	9.72438342e+04	1.29853612e+00	8.98023147e+05	8.07592671e+00	7.21508712e+00	0.00000000e+00	0.00000000e+00	0.00000000e+00	-0.00000000e+00	1.09542349e-07	0.00000000e+00	0.00000000e+00
4.23515857e-05	1.72300947e+01	3.60939279e-05	9.72444309e+04	1.17036506e+00	9.81206636e+05	7.56658716e+00	6.89429956e+00	0.00000000e+00	0.00000000e+00	0.00000000e+00	-0.00000000e+00	1.09542349e-07	0.00000000e+00	0.00000000e+00
3.96583552e-05	1.64185360e+01	3.14387682e-05	9.72450263e+04	1.04236856e+00	1.07401729e+06	7.08541124e+00	6.56956955e+00	0.00000000e+00	0.00000000e+00	0.00000000e+00	-0.00000000e+00	1.09542349e-07	0.00000000e+00	0.00000000e+00
3.71127374e-05	1.56004062e+01	2.73579971e-05	9.72456108e+04	9.16636918e-01	1.17825318e+06	6.63060798e+00	6.24221023e+00	0.00000000e+00	0.00000000e+00	0.00000000e+00	-0.00000000e+00	1.09542349e-07	0.00000000e+00	0.00000000e+00
3.47052572e-05	1.47796841e+01	2.38926644e-05	9.72461744e+04	7.95376561e-01	1.29625793e+06	6.20048457e+00	5.91381367e+00	0.00000000e+00	0.00000000e+00	0.00000000e+00	-0.00000000e+00	1.09542349e-07	0.00000000e+00	0.00000000e+00
3.24269536e-05	1.39609003e+01	2.10418712e-05	9.72467072e+04	6.80730799e-01	1.43107978e+06	5.79344000e+00	5.58619267e+00	0.00000000e+00	0.00000000e+00	0.00000000e+00	-0.00000000e+00	1.09542349e-07	0.00000000e+00	0.00000000e+00
3.02693465e-05	1.31488900e+01	1.87399845e-05	9.72472007e+04	5.74578195e-01	1.58665681e+06	5.40795922e+00	5.26128196e+00	0.00000000e+00	0.00000000e+00	0.00000000e+00	-0.00000000e+00	1.09542349e-07	0.00000000e+00	0.00000000e+00
2.82244052e-05	1.23484698e+01	1.68684494e-05	9.72476484e+04	4.78349134e-01	1.76803151e+06	5.04260746e+00	4.94100881e+00	0.00000000e+00	0.00000000e+00	0.00000000e+00	-0.00000000e+00	1.09542349e-07	0.00000000e+00	0.00000000e+00
2.62845182e-05	1.15640918e+01	1.52892184e-05	9.72480463e+04	3.92910836e-01	1.98162198e+06	4.69602483e+00	4.62715466e+00	0.00000000e+00	0.00000000e+00	0.00000000e+00	-0.00000000e+00	1.09542349e-07	0.00000000e+00	0.00000000e+00
2.44424649e-05	1.07995415e+01	1.38762985e-05	9.72483932e+04	3.18540152e-01	2.23558148e+06	4.36692129e+00	4.32123419e+00	0.00000000e+00	0.00000000e+00	0.00000000e+00	-0.00000000e+00	1.09542349e-07	0.00000000e+00	0.00000000e+00
2.26913890e-05	1.00577333e+01	1.25407122e-05	9.72486901e+04	2.54981417e-01	2.54030354e+06	4.05407188e+00	4.02441355e+00	0.00000000e+00	0.00000000e+00	0.00000000e+00	-0.00000000e+00	1.09542349e-07	0.00000000e+00	0.00000000e+00
2.10247729e-05	9.34062800e+00	1.12377739e-05	9.72489400e+04	2.01563741e-01	2.90915912e+06	3.75631217e+00	3.73747729e+00	0.00000000e+00	0.00000000e+00	0.00000000e+00	-0.00000000e+00	1.09542349e-07	0.00000000e+00	0.00000000e+00
1.94364132e-05	8.64926253e+00	9.95941528e-06	9.72491472e+04	1.57342410e-01	3.35959491e+06	3.47253384e+00	3.46084035e+00	0.00000000e+00	0.00000000e+00	0.00000000e+00	-0.00000000e+00	1.09542349e-07	0.00000000e+00	0.00000000e+00
1.79203980e-05	7.98386030e+00	8.71946967e-06	9.72493166e+04	1.21233316e-01	3.91479216e+06	3.20168067e+00	3.19459211e+00	0.00000000e+00	0.00000000e+00	0.00000000e+00	-0.00000000e+00	1.09542349e-07	0.00000000e+00	0.00000000e+00
1.64710843e-05	7.34398222e+00	7.53959940e-06	9.72494534e+04	9.21213311e-02	4.60621011e+06	2.94274448e+00	2.93855689e+00	0.00000000e+00	0.00000000e+00	0.00000000e+00	-0.00000000e+00	1.09542349e-07	0.00000000e+00	0.00000000e+00
1.50830778e-05	6.72868544e+00	6.43982287e-06	9.72495625e+04	6.89360823e-02	5.47756427e+06	2.69476150e+00	2.69235741e+00	0.00000000e+00	0.00000000e+00	0.00000000e+00	-0.00000000e+00	1.09542349e-07	0.00000000e+00	0.00000000e+00
1.37512121e-05	6.13666773e+00	5.43406788e-06	9.72496484e+04	5.06973781e-02	6.59121474e+06	2.45680872e+00	2.45547261e+00	0.00000000e+00	0.00000000e+00	0.00000000e+00	-0.00000000e+00	1.09542349e-07	0.00000000e+00	0.00000000e+00
1.24705299e-05	5.56638665e+00	4.52934766e-06	9.72497152e+04	3.65368090e-02	8.03876276e+06	2.22800044e+00	2.22728532e+00	0.00000000e+00	0.00000000e+00	0.00000000e+00	-0.00000000e+00	1.09542349e-07	0.00000000e+00	0.00000000e+00
1.12362643e-05	5.01615127e+00	3.72684525e-06	9.72497664e+04	2.57028477e-02	9.95932281e+06	2.00748500e+00	2.00711895e+00	0.00000000e+00	0.00000000e+00	0.00000000e+00	-0.00000000e+00	1.09542349e-07	0.00000000e+00	0.00000000e+00
1.00438213e-05	4.48418863e+00	3.02363138e-06	9.72498049e+04	1.75557884e-02	1.25725092e+07	1.79444165e+00	1.79426406e+00	0.00000000e+00	0.00000000e+00	0.00000000e+00	-0.00000000e+00	1.09542349e-07	0.00000000e+00	0.00000000e+00
8.88876249e-06	3.96868945e+00	2.41430112e-06	9.72498334e+04	1.15572467e-02	1.62413206e+07	1.58807740e+00	1.58799673e+00	0.00000000e+00	0.00000000e+00	0.00000000e+00	-0.00000000e+00	1.09542349e-07	0.00000000e+00	0.00000000e+00
7.76678857e-06	3.46783790e+00	1.89225365e-06	9.72498538e+04	7.25738849e-03	2.16001431e+07	1.38762414e+00	1.38759036e+00	0.00000000e+00	0.00000000e+00	0.00000000e+00	-0.00000000e+00	1.09542349e-07	0.00000000e+00	0.00000000e+00
6.67372346e-06	2.97982961e+00	1.45052173e-06	9.72498680e+04	4.28183803e-03	2.98370960e+07	1.19233576e+00	1.19232299e+00	0.00000000e+00	0.00000000e+00	0.00000000e+00	-0.00000000e+00	1.09542349e-07	0.00000000e+00	0.00000000e+00
5.60549865e-06	2.50288146e+00	1.08235997e-06	9.72498775e+04	2.31935966e-03	4.33828541e+07	1.00148539e+00	1.00148112e+00	0.00000000e+00	0.00000000e+00	0.00000000e+00	-0.00000000e+00	1.09542349e-07	0.00000000e+00	0.00000000e+00
4.55813811e-06	2.03523563e+00	7.80791572e-07	9.72498833e+04	1.11088124e-03	6.78247257e+07	8.14362644e-01	8.14361406e-01	0.00000000e+00	0.00000000e+00	0.00000000e+00	-0.00000000e+00	1.09542349e-07	0.00000000e+00	0.00000000e+00
3.52774344e-06	1.57515990e+00	5.40520109e-07	9.72498867e+04	4.40154237e-04	1.18239978e+08	6.30271046e-01	6.30270723e-01	0.00000000e+00	0.00000000e+00	0.00000000e+00	-0.00000000e+00	1.09542349e-07	0.00000000e+00	0.00000000e+00
2.51047941e-06	1.12094540e+00	3.45727677e-07	9.72498883e+04	1.26337117e-04	2.46002244e+08	4.48525385e-01	4.48525299e-01	0.00000000e+00	0.00000000e+00	0.00000000e+00	-0.00000000e+00	1.09542349e-07	0.00000000e+00	0.00000000e+00
1.50255965e-06	6.70902738e-01	2.16398629e-07	9.72498889e+04	1.92880005e-05	7.03431548e+08	2.68449182e-01	2.68449161e-01	0.00000000e+00	0.00000000e+00	0.00000000e+00	-0.00000000e+00	1.09542349e-07	0.00000000e+00	0.00000000e+00
5.00232577e-07	2.23357145e-01	-5.11807062e-09	9.72498891e+04	6.96176365e-07	3.82863239e+09	8.93721765e-02	8.93721765e-02	0.00000000e+00	0.00000000e+00	0.00000000e+00	-0.00000000e+00	1.09542349e-07	0.00000000e+00	0.00000000e+00
